09/09/2022 16:34:21
A:
[[[0.95353992 0.87888013 0.54128252 0.52645175 0.17843955 0.98155318
   0.28310043]
  [0.24940646 0.03202058 0.71367748 0.3165072  0.08156051 0.98640073
   0.21229434]
  [0.83265048 0.31273123 0.02313238 0.44302848 0.98555101 0.13698025
   0.38924327]
  [0.03438315 0.95417798 0.12170491 0.44326901 0.75699052 0.49517601
   0.95011427]
  [0.73840585 0.35159345 0.73489663 0.21992177 0.11658384 0.95521127
   0.9819314 ]]

 [[0.19131249 0.25735473 0.65789254 0.18845938 0.05782536 0.71532458
   0.24108172]
  [0.45689339 0.73359079 0.52352763 0.38396085 0.75249333 0.96647246
   0.34617484]
  [0.92045066 0.05883745 0.67388615 0.87188558 0.53812951 0.73829732
   0.60111795]
  [0.7780187  0.70488728 0.73805861 0.71922358 0.02591037 0.66815172
   0.24376041]
  [0.32702766 0.82865967 0.04813827 0.30170128 0.92578719 0.25819721
   0.74327024]]

 [[0.93782872 0.80776541 0.32674968 0.78545254 0.35287647 0.88531693
   0.99341379]
  [0.10585807 0.25428922 0.5010051  0.88087379 0.29148461 0.72579198
   0.40260098]
  [0.04560011 0.72807057 0.22879274 0.30381784 0.99601098 0.04860793
   0.94129434]
  [0.86734613 0.70870372 0.3135897  0.97308618 0.20163991 0.93955132
   0.66897623]
  [0.44849298 0.63101624 0.04363792 0.44430137 0.56792085 0.89206979
   0.88966225]]

 [[0.52472302 0.03465113 0.76553225 0.70594625 0.71038248 0.73290445
   0.11461465]
  [0.24475448 0.20167396 0.72991591 0.80053455 0.35371046 0.94059677
   0.50597317]
  [0.68567643 0.46587018 0.29560081 0.72863586 0.0462128  0.83955098
   0.26233105]
  [0.90067073 0.55190653 0.54377717 0.46707486 0.79663765 0.59674601
   0.48517603]
  [0.55330804 0.29300278 0.70292828 0.59360071 0.82764919 0.7607738
   0.19825195]]]
B:
[[[1 1 1 1 0 1 0]
  [0 0 1 0 0 1 0]
  [1 0 0 0 1 0 0]
  [0 1 0 0 1 0 1]
  [1 0 1 0 0 1 1]]

 [[0 0 1 0 0 1 0]
  [0 1 1 0 1 1 0]
  [1 0 1 1 1 1 1]
  [1 1 1 1 0 1 0]
  [0 1 0 0 1 0 1]]

 [[1 1 0 1 0 1 1]
  [0 0 1 1 0 1 0]
  [0 1 0 0 1 0 1]
  [1 1 0 1 0 1 1]
  [0 1 0 0 1 1 1]]

 [[1 0 1 1 1 1 0]
  [0 0 1 1 0 1 1]
  [1 0 0 1 0 1 0]
  [1 1 1 0 1 1 0]
  [1 0 1 1 1 1 0]]]
C:
[[[5 4 3 3 1 5 1]
  [1 1 4 2 1 5 1]
  [4 2 1 2 5 1 2]
  [1 5 1 2 4 2 5]
  [4 2 4 1 1 5 5]]

 [[1 1 3 1 1 4 1]
  [2 4 3 2 4 5 2]
  [5 1 3 4 3 4 3]
  [4 4 4 4 1 3 1]
  [2 4 1 2 5 1 4]]

 [[5 4 2 4 2 4 5]
  [1 1 3 4 1 4 2]
  [1 4 1 2 5 1 5]
  [4 4 2 5 1 5 3]
  [2 3 1 2 3 4 4]]

 [[3 1 4 4 4 4 1]
  [1 1 4 4 2 5 3]
  [3 2 1 4 1 4 1]
  [5 3 3 2 4 3 2]
  [3 1 4 3 4 4 1]]]